X_1 = 31.117798 
X_2 = -402.880371 
X_3 = 862.685547 
X_4 = 2362.687500 
X_5 = -4512.609375 
X_6 = -16487.250000 
X_7 = 38416.710938 
X_8 = -7804.710938 
X_9 = -29144.445313 
X_10 = 16692.439453 
