X_1 = 35.254673 
X_2 = -608.556213 
X_3 = 3214.003174 
X_4 = -7178.365723 
X_5 = 7137.078613 
X_6 = -2604.813477 
