X_1 = 6.153846 
X_2 = -4.615382 
X_3 = -1.5384636 
X_4 = -6.153846 
X_5 = -1.5384636 
X_6 = -1.5384636 
X_7 = 169.2308 
X_8 = 153.84616 
X_9 = 146.15384 
X_10 = 123.07691 
