X_1 = -3.511350 
X_2 = -0.002624 
X_3 = 0.000799 
X_4 = 0.154275 
